      0/99     3.22G   0.03008   0.00629   0.01489   0.05126         7       640    0.8481    0.6962    0.8308    0.6159   0.03336  0.008952   0.01148
      1/99     3.29G   0.01855  0.003215  0.003715   0.02548         6       640    0.9803    0.8451    0.8976    0.7437   0.02962  0.007457  0.009068
      2/99     3.29G   0.01594  0.002574  0.001976   0.02049         7       640    0.9108    0.9718    0.9234    0.7521   0.03129  0.007139  0.008198
      3/99     3.29G   0.01435  0.002483  0.001656   0.01849         9       640    0.9174    0.9826    0.9305    0.8141    0.0256  0.007841  0.007567
      4/99     3.29G   0.01274  0.002275  0.001281    0.0163        11       640    0.9084    0.9873    0.9351    0.8027   0.02763  0.007669  0.007232
      5/99     3.29G   0.01261  0.002209  0.001415   0.01623         5       640    0.9155    0.9858    0.9333    0.8272   0.02746  0.007907  0.006871
      6/99     3.29G    0.0118  0.002129  0.001344   0.01527        10       640      0.91    0.9877    0.9269     0.831   0.02714   0.00793   0.00676
      7/99     3.29G   0.01159  0.002028    0.0012   0.01482         5       640    0.9117    0.9845    0.9349    0.8474   0.02738  0.007755  0.006565
      8/99     3.29G   0.01152   0.00201  0.001206   0.01474         7       640    0.9154     0.988    0.9366    0.8426   0.02647  0.008361  0.006368
      9/99     3.29G    0.0114  0.001981  0.001098   0.01448         5       640    0.9322    0.9704    0.9372    0.8425   0.02705  0.008268  0.006356
     10/99     3.29G   0.01137  0.001927 0.0009288   0.01423         8       640    0.9211    0.9812    0.9309    0.8466    0.0267  0.008555  0.006339
     11/99     3.29G   0.01099  0.001948  0.001002   0.01394         8       640    0.9164    0.9856    0.9358    0.8567   0.02685    0.0083  0.006339
     12/99     3.29G   0.01096  0.001918  0.000966   0.01385        10       640    0.9218    0.9813    0.9352    0.8571   0.02648  0.008585  0.006686
     13/99     3.29G   0.01091  0.001887 0.0008385   0.01364         9       640    0.9239    0.9818    0.9297    0.8522   0.02596  0.008881  0.006335
     14/99     3.29G   0.01107  0.001919  0.001088   0.01408         9       640    0.9346    0.9602    0.9327    0.8531   0.02618  0.009027  0.006366
     15/99     3.29G   0.01044  0.001837 0.0006949   0.01297         7       640    0.9288    0.9668    0.9406    0.8633   0.02622  0.009265  0.006222
     16/99     3.29G    0.0103   0.00185 0.0008257   0.01298        11       640    0.9115    0.9865    0.9399    0.8647   0.02561  0.009164  0.006232
     17/99     3.29G   0.01057  0.001805 0.0007416   0.01312         7       640    0.9255    0.9809    0.9373    0.8603   0.02603  0.008849  0.006221
     18/99     3.29G   0.01038  0.001792 0.0007105   0.01288         9       640    0.9155    0.9868    0.9356    0.8598   0.02613  0.009337  0.005974
     19/99     3.29G   0.01017  0.001785 0.0007429    0.0127         7       640    0.9207    0.9825    0.9345    0.8622   0.02643  0.009278  0.005891
     20/99     3.29G   0.01013   0.00177 0.0007157   0.01262         6       640    0.9359     0.966    0.9356    0.8611   0.02604  0.009533  0.005927
     21/99     3.29G   0.01009  0.001823 0.0007562   0.01267        10       640    0.9269    0.9785    0.9367     0.865   0.02578   0.00939  0.005718
     22/99     3.29G   0.01002  0.001757 0.0006951   0.01247         5       640    0.9297    0.9728    0.9351    0.8613   0.02598   0.00941  0.005757
     23/99     3.29G  0.009999  0.001734 0.0006631    0.0124         6       640    0.9198    0.9812    0.9374    0.8646   0.02616  0.009686  0.005671
     24/99     3.29G  0.009965  0.001769 0.0007617    0.0125        10       640    0.9199    0.9867    0.9405    0.8671   0.02596  0.009659  0.005748
     25/99     3.29G  0.009969  0.001739 0.0006781   0.01239         7       640    0.9247    0.9804    0.9307     0.861   0.02575  0.009541  0.005802
     26/99     3.29G  0.009723  0.001709 0.0006357   0.01207        10       640    0.9297    0.9677     0.934    0.8634   0.02571  0.009739  0.005706
     27/99     3.29G  0.009692  0.001733 0.0008026   0.01223        11       640     0.927    0.9737     0.934     0.861   0.02603  0.009718  0.005717
     28/99     3.29G  0.009826  0.001726 0.0007475    0.0123         7       640    0.9268    0.9806    0.9375    0.8663   0.02601   0.00986  0.006141
     29/99     3.29G  0.009491   0.00171 0.0006544   0.01186         6       640    0.9189    0.9839    0.9376    0.8664   0.02576   0.00962  0.005834
     30/99     3.29G  0.009663  0.001709   0.00068   0.01205         8       640    0.9215    0.9808    0.9302    0.8616   0.02599  0.009631  0.005653
     31/99     3.29G  0.009279    0.0017 0.0006701   0.01165        11       640    0.9192    0.9838    0.9325    0.8634   0.02576  0.009617  0.005579
     32/99     3.29G  0.009325  0.001659 0.0005921   0.01158         6       640    0.9257    0.9762    0.9328    0.8639    0.0258  0.009704  0.005693
     33/99     3.29G    0.0095  0.001702 0.0006274   0.01183        10       640    0.9257    0.9739    0.9471    0.8773   0.02593  0.009604  0.005857
     34/99     3.29G  0.009358  0.001681 0.0006183   0.01166         8       640    0.9247    0.9778    0.9316    0.8645    0.0255  0.009872  0.005673
     35/99     3.29G  0.009163  0.001643 0.0006107   0.01142         6       640     0.919    0.9852     0.933    0.8661   0.02516  0.009998  0.005554
     36/99     3.29G  0.009158  0.001634 0.0005434   0.01134         8       640    0.9325    0.9702    0.9309    0.8673   0.02537  0.009929  0.005456
     37/99     3.29G  0.009264  0.001639 0.0005635   0.01147         8       640      0.93    0.9758    0.9326    0.8666   0.02524   0.01019  0.005627
     38/99     3.29G  0.008919  0.001619 0.0005372   0.01107         4       640    0.9307    0.9754    0.9329    0.8674   0.02542   0.01003  0.005484
     39/99     3.29G  0.008859  0.001624 0.0005602   0.01104         3       640    0.9248    0.9776    0.9378    0.8724   0.02521   0.01004  0.005406
     40/99     3.29G  0.008934  0.001601 0.0005518   0.01109         5       640    0.9192    0.9885    0.9339    0.8712   0.02538   0.01001  0.005457
     41/99     3.29G  0.009031   0.00159 0.0005532   0.01117         9       640    0.9191    0.9839     0.933    0.8682   0.02533  0.009928  0.005367
     42/99     3.29G  0.008663  0.001604   0.00057   0.01084        13       640      0.92    0.9848    0.9379    0.8742   0.02531   0.00993  0.005368
     43/99     3.29G  0.008599  0.001576 0.0005547   0.01073        12       640    0.9228    0.9837    0.9336    0.8681   0.02522   0.01011  0.005295
     44/99     3.29G    0.0089  0.001596 0.0005717   0.01107        13       640     0.916    0.9871     0.936    0.8711   0.02507   0.01013    0.0053
     45/99     3.29G  0.008535  0.001576  0.000509   0.01062         5       640    0.9206    0.9807    0.9367    0.8719   0.02507   0.01013  0.005359
     46/99     3.29G  0.008604  0.001539 0.0004783   0.01062        13       640    0.9174    0.9823    0.9363    0.8721   0.02499   0.01025   0.00528
     47/99     3.29G  0.008503  0.001564 0.0005375    0.0106         7       640    0.9259    0.9745    0.9366    0.8721   0.02492   0.01036  0.005324
     48/99     3.29G  0.008561  0.001525 0.0005099    0.0106         6       640    0.9282    0.9752     0.936    0.8711   0.02484   0.01039  0.005323
     49/99     3.29G  0.008252   0.00151  0.000504   0.01027        11       640    0.9221    0.9836    0.9358    0.8725   0.02493   0.01022  0.005347
     50/99     3.29G  0.008308  0.001513 0.0005317   0.01035         9       640    0.9302    0.9752    0.9352    0.8716   0.02495   0.01031  0.005285
     51/99     3.29G  0.008285  0.001525 0.0005253   0.01034         9       640    0.9316    0.9722    0.9353    0.8721   0.02501   0.01017   0.00522
     52/99     3.29G  0.008469  0.001523 0.0005846   0.01058         8       640    0.9329    0.9686    0.9333    0.8709   0.02502   0.01023  0.005161
     53/99     3.29G  0.008316  0.001488 0.0005608   0.01036         8       640    0.9293    0.9755    0.9328     0.871   0.02508   0.01032  0.005166
     54/99     3.29G  0.008161  0.001509 0.0005556   0.01023         8       640    0.9272    0.9765    0.9336    0.8731     0.025   0.01035  0.005133
     55/99     3.29G  0.008079  0.001504 0.0005156    0.0101        11       640    0.9319    0.9727    0.9329    0.8713   0.02491   0.01039   0.00509
     56/99     3.29G  0.007996  0.001487 0.0005082  0.009991         4       640    0.9344    0.9641    0.9345    0.8724   0.02484   0.01041  0.005071
     57/99     3.29G  0.007903  0.001451 0.0004688  0.009824         8       640     0.931    0.9721    0.9343    0.8726   0.02485   0.01045  0.005055
     58/99     3.29G   0.00785  0.001443  0.000502  0.009795         7       640    0.9346    0.9647    0.9358    0.8735   0.02488   0.01042  0.005083
     59/99     3.29G  0.007772  0.001447 0.0004954  0.009715         6       640    0.9344    0.9652    0.9365    0.8751   0.02487   0.01044  0.005054
     60/99     3.29G  0.007771  0.001428 0.0004991  0.009699        14       640    0.9354    0.9644    0.9371    0.8763   0.02486    0.0105  0.005067
     61/99     3.29G  0.007761  0.001447 0.0004743  0.009682        10       640    0.9346    0.9652    0.9358    0.8744   0.02482   0.01055  0.005076
     62/99     3.29G  0.007898  0.001439 0.0004933  0.009829         8       640    0.9342    0.9661    0.9353    0.8737   0.02477   0.01055  0.005054
     63/99     3.29G  0.007772  0.001431 0.0004955  0.009698         8       640    0.9335    0.9676    0.9361    0.8744   0.02473   0.01057  0.005009
     64/99     3.29G  0.007809   0.00144 0.0004553  0.009705        11       640    0.9347    0.9675     0.936     0.874   0.02471    0.0106  0.004982
     65/99     3.29G  0.007544   0.00142 0.0004698  0.009434         4       640     0.934    0.9675    0.9369    0.8754   0.02466   0.01062  0.004974
     66/99     3.29G  0.007535  0.001419 0.0005009  0.009456         8       640    0.9346    0.9675     0.937    0.8763   0.02461   0.01067   0.00496
     67/99     3.29G  0.007652    0.0014  0.000456  0.009508         9       640    0.9349    0.9675     0.937    0.8761   0.02455    0.0107  0.004947
     68/99     3.29G  0.007439  0.001408 0.0004687  0.009315        15       640    0.9339    0.9675    0.9362    0.8755   0.02452   0.01074  0.004946
     69/99     3.29G  0.007363  0.001375 0.0004319   0.00917        10       640    0.9337    0.9675    0.9367    0.8765   0.02448   0.01077  0.004948
     70/99     3.29G  0.007467  0.001398  0.000442  0.009307         9       640    0.9339    0.9678    0.9384    0.8778   0.02445   0.01081   0.00494
     71/99     3.29G  0.007506   0.00138  0.000416  0.009302        10       640    0.9334    0.9681    0.9374    0.8772   0.02443   0.01085  0.004927
     72/99     3.29G  0.007375  0.001382 0.0004396  0.009197        11       640    0.9342    0.9678    0.9352    0.8743   0.02441   0.01087  0.004915
     73/99     3.29G   0.00722  0.001364  0.000403  0.008987         8       640     0.934    0.9682    0.9357    0.8751   0.02438   0.01089  0.004906
     74/99     3.29G  0.007306  0.001367 0.0004735  0.009146        10       640    0.9331    0.9682    0.9341    0.8738   0.02437   0.01091   0.00489
     75/99     3.29G  0.007155  0.001373 0.0004339  0.008962         9       640    0.9331    0.9682    0.9341    0.8738   0.02435   0.01092   0.00488
     76/99     3.29G  0.007153  0.001377 0.0004365  0.008967         8       640    0.9329    0.9682    0.9358    0.8763   0.02433   0.01093  0.004866
     77/99     3.29G  0.007053  0.001365 0.0004246  0.008843         5       640    0.9328    0.9682    0.9352    0.8754    0.0243   0.01095  0.004856
     78/99     3.29G  0.006917  0.001333 0.0004227  0.008673         5       640     0.933    0.9678    0.9347    0.8745   0.02427   0.01098   0.00485
     79/99     3.29G  0.007111  0.001346 0.0004046  0.008861         9       640    0.9332    0.9671    0.9359    0.8758   0.02425   0.01101  0.004841
     80/99     3.29G  0.006949  0.001304 0.0004187  0.008672        11       640    0.9334    0.9677    0.9351    0.8754   0.02422   0.01102  0.004831
     81/99     3.29G  0.006926   0.00132 0.0004142   0.00866         8       640    0.9334    0.9674     0.936    0.8759    0.0242   0.01105  0.004824
     82/99     3.29G  0.006891  0.001327 0.0004343  0.008652         7       640    0.9335    0.9676    0.9361    0.8763   0.02418   0.01107  0.004819
     83/99     3.29G  0.006825  0.001324  0.000409  0.008557        10       640    0.9333    0.9703    0.9356    0.8756   0.02416   0.01109  0.004815
     84/99     3.29G  0.006809  0.001326 0.0004205  0.008555         9       640    0.9325    0.9703    0.9345    0.8752   0.02415   0.01111  0.004812
     85/99     3.29G  0.006895  0.001326 0.0004146  0.008636        10       640    0.9334    0.9703    0.9365    0.8775   0.02413   0.01113  0.004808
     86/99     3.29G  0.006626  0.001292 0.0004337  0.008352        10       640    0.9331    0.9703    0.9353    0.8761   0.02412   0.01115  0.004802
     87/99     3.29G  0.006806  0.001301 0.0004051  0.008512         7       640    0.9331    0.9703     0.936    0.8771    0.0241   0.01117  0.004792
     88/99     3.29G  0.006789  0.001308 0.0004146  0.008511         6       640    0.9338    0.9703    0.9365    0.8778   0.02408   0.01118  0.004783
     89/99     3.29G  0.006585  0.001307 0.0004387   0.00833        10       640    0.9334    0.9703    0.9375    0.8774   0.02407   0.01119  0.004777
     90/99     3.29G  0.006722  0.001303 0.0003906  0.008415        10       640    0.9335    0.9703    0.9359    0.8761   0.02406   0.01121  0.004771
     91/99     3.29G  0.006689  0.001291 0.0004224  0.008402        13       640    0.9333    0.9703    0.9359    0.8757   0.02404   0.01122  0.004764
     92/99     3.29G  0.006621  0.001305 0.0004439   0.00837         5       640    0.9333    0.9703    0.9361     0.876   0.02403   0.01123  0.004758
     93/99     3.29G  0.006544  0.001283 0.0004111  0.008238         5       640     0.933    0.9703    0.9357    0.8761   0.02401   0.01124   0.00475
     94/99     3.29G  0.006581  0.001282 0.0004537  0.008317        13       640    0.9329     0.969    0.9353     0.875     0.024   0.01125   0.00474
     95/99     3.29G   0.00662  0.001277 0.0004349  0.008332        11       640     0.932    0.9703    0.9356    0.8752   0.02399   0.01127  0.004734
     96/99     3.29G  0.006527  0.001288 0.0004278  0.008243        11       640    0.9308    0.9728    0.9353    0.8751   0.02398   0.01128  0.004729
     97/99     3.29G  0.006551  0.001285 0.0004232   0.00826         6       640    0.9318    0.9703    0.9365    0.8759   0.02397   0.01129  0.004724
     98/99     3.29G  0.006525   0.00129  0.000421  0.008237         7       640    0.9322    0.9703    0.9367    0.8762   0.02396    0.0113  0.004721
     99/99     3.29G  0.006517  0.001289 0.0003767  0.008183         5       640    0.9318    0.9703    0.9358    0.8753   0.02395    0.0113  0.004716
